2 0.29234338747099764 0.4016499097705594 0.1562258313998453 0.24645527197731376
1 0.4497293116782676 0.28409383861820053 0.058004640371229675 0.09177623098736788
1 0.354215003866976 0.03351379221448827 0.05568445475638049 0.06702758442897654
3 0.44856921887084306 0.40835266821345706 0.18252126836813617 0.3402938901778808
0 0.0843000773395205 0.24800206238721323 0.07888631090487239 0.10208816705336429
2 0.14269141531322507 0.11240010311936066 0.1631863882443929 0.21242588295952564
0 0.07463263727764888 0.868780613560196 0.09048723897911834 0.1350863624645528
2 0.4404485692188708 0.6939932972415571 0.14153132250580053 0.23304975509151843
3 0.2989172467130704 0.1397267336942511 0.1987625676720804 0.2691415313225058
0 0.4737045630317092 0.21294147976282543 0.0765661252900232 0.07527713328177367
2 0.09280742459396753 0.6857437483887601 0.17788089713843774 0.27842227378190254
3 0.10720764154638865 0.3771249116956774 0.2016713371701771 0.340877786817462
1 0.03402938901778809 0.939932972415571 0.06496519721577727 0.09796339262696575
2 0.6732405259087393 0.13766434648105183 0.13689095127610207 0.2691415313225058