0 0.131477184841454 0.09641660221706626 0.06032482598607887 0.10827532869296211
2 0.9575968501722564 0.8609006873508033 0.09203402938901792 0.2815158546017014
0 0.5568445475638051 0.3212168084557876 0.07733952049497299 0.10621294147976285
1 0.08584686774941996 0.12271203918535706 0.05877803557617943 0.08249548852797114
3 0.5668986852281516 0.4465068316576437 0.20417633410672859 0.34441866460427945
0 0.040603248259860794 0.8208301108533128 0.07501933488012376 0.12168084557875751
3 0.9552595895983366 0.5567990143396175 0.10054137664346499 0.3464810518174787
3 0.11755607115235885 0.23253415828821863 0.19798917246713071 0.3062645011600928
2 0.505800464037123 0.7790667697860274 0.21964423820572304 0.3289507605052849
0 0.9841745261698858 0.41520140081624995 0.026757465272546455 0.0778778839103665
2 0.10054137664346481 0.5341582882186131 0.15777262180974477 0.28460943542150036